0 0.0133333 0.506875 0.0266667 0.13875 0.280541
26 0.542917 0.665 0.1125 0.4425 0.310337
24 0.494583 0.52375 0.0391667 0.0675 0.484561
0 0.21375 0.546875 0.0358333 0.21375 0.490025
26 0.321667 0.52625 0.0516667 0.1525 0.593354
0 0.0108333 0.5775 0.0216667 0.2775 0.649309
26 0.53125 0.783125 0.0908333 0.19625 0.659484
0 0.439167 0.5675 0.0483333 0.265 0.662624
0 0.863333 0.5075 0.03 0.125 0.673697
0 0.739167 0.56375 0.0783333 0.385 0.726949
0 0.403333 0.57875 0.0633333 0.2875 0.771743
26 0.43375 0.53875 0.0341667 0.1125 0.771807
0 0.361667 0.580625 0.0433333 0.26875 0.792453
24 0.127083 0.505625 0.0775 0.19375 0.81024
0 0.06875 0.555625 0.0508333 0.26125 0.814546
0 0.977083 0.5125 0.0391667 0.165 0.864611
0 0.940417 0.511875 0.0391667 0.17375 0.871861
0 0.778333 0.629375 0.06 0.29125 0.872614
0 0.282917 0.64 0.120833 0.55 0.88597
0 0.492917 0.58 0.0791667 0.305 0.90837
0 0.15125 0.623125 0.1425 0.58125 0.928522
0 0.632083 0.616875 0.2175 0.75125 0.939329
